#Simple sphere: Scene
#camera_pos: -6 2 -8
#camera_fwd: -.77 0 -.84
#camera_up:  0 1 0
camera_fov_ha: 35
output_image: ./out/csg3.png

camera_pos: -6.066301 5.667134 -5.946646
camera_fwd: -0.675725 0.528802 -0.513580
camera_up:  0.382901 0.847131 0.368451

#ground plane:
material: .75 .75 .75 .75 .75 .75 .3 .3 .3 32 .2 .2 .2 1.5
plane: 0 -1 0 0 -1 0

CSG: 2
#red box:
material: 1 0 0 1 0 0 .3 .3 .3 32 .2 .2 .2 1.5
sphere: -1.5 1.5 0 1.5
#green sphere:
material: 0 1 0 0 0 1 0 0 0 16 0 0 0 1.0
box: -1.5 1.5 0 2.3

CSG: 2
#blue sphere not box:
material: 1 0 0 1 0 0 .3 .3 .3 32 .2 .2 .2 1.5
#0 0 1 0 0 1 0 0 0 16 0 0 0 1.0
box: 3.5 1.5 -0.5 2.8
material: 0 0 1 0 0 1 .3 .3 .3 32 .2 .2 .2 1.5
#0 0 0 .7 .1 .1 .7 .1 .5 3 0 0 0 1.5
sphere: 3.5 1.5 -0.5 1.7


#white overhead light
point_light: 15 15 15 0 5 0
#directional_light: 0.5 0.5 0.5 0 -5 0
#spot_light: 5 5 5 0 4 0 0 -1 0 45 45
ambient_light: .25 .25 .25
background: .05 .05 .05

max_depth: 2
sample_size: 5