#Simple sphere: Scene
camera_pos: 0 5.1 -7
#-6 2 -4
camera_fwd: 0.000000,0.278355,-0.960478
#-0 0.533 -.85
#-.77 0 -.64
camera_up:  0 1 0
camera_fov_ha: 25
output_image: ./out/OlympicSpheres.png

#"ground" sphere:
material: 1 1 1 .2 .2 .25 .3 .3 .3 1 .2 .2 .2 1.5
sphere: 0 -50 0 50

#blue sphere:
material: 0 0.5 0.8 0 0.5 0.8 0 0.5 0.8 32 0 .5 .8 1.5
sphere: -2 1.5 2 0.8

#yellow sphere:
material: 1.0 0.8 0.0 1.0 0.8 0.0  .3 .3 .3 32 .5 .5 .5 1.5
sphere: 0 1.5 2 0.8

#black sphere:
material: 0 0 0 0 0 0 0.5 0.5 0.5 16 .5 .5 .5 1.5
sphere: 2 1.5 2 0.8

#green sphere:
material: 0 0.6 0.2 0 0.6 0.2 0 0.6 0.2 32 .1 .5 .3 1.5
sphere: -1 1.5 0 0.7

#red sphere:
material: 0.9 0 0.1 0.9 0 0.1 1.3 1.3 1.3 32 .8 0 .2 1.5
sphere: 1 1.5 0 0.7


#white overhead light
#point_light: 5 5 5 0 5 0
#point_light: 0 5 0 -3 5 0
#point_light: 5 0 0 3 5 0
#directional_light: 0.5 0.5 0.5 0 -1 0
spot_light: 0 1 2 -2 3 2 0 -1 0 40 40
spot_light: 2 0 1.8 0 3 2 0 -1 0 40 40
spot_light: 2 2 2 2 3 2 0 -1 0 40 40
spot_light: 0 2 0 -1 3 0 0 -1 0 40 40
spot_light: 2 0 1 1 3 0 0 -1 0 40 40
ambient_light: .25 .25 .25
background: .05 .05 .05

max_depth: 3